236
2
1.2  0.0  Sx  1  Sx  2  
2
1.2  0.0  Sy  1  Sy  2  
2
1.2  0.0  Sz  1  Sz  2  
2
0.8  0.0  Sx  2  Sx  3  
2
0.8  0.0  Sy  2  Sy  3  
2
0.8  0.0  Sz  2  Sz  3  
2
1.2  0.0  Sx  3  Sx  4  
2
1.2  0.0  Sy  3  Sy  4  
2
1.2  0.0  Sz  3  Sz  4  
2
0.8  0.0  Sx  4  Sx  5  
2
0.8  0.0  Sy  4  Sy  5  
2
0.8  0.0  Sz  4  Sz  5  
2
1.2  0.0  Sx  5  Sx  6  
2
1.2  0.0  Sy  5  Sy  6  
2
1.2  0.0  Sz  5  Sz  6  
2
0.8  0.0  Sx  6  Sx  7  
2
0.8  0.0  Sy  6  Sy  7  
2
0.8  0.0  Sz  6  Sz  7  
2
1.2  0.0  Sx  7  Sx  8  
2
1.2  0.0  Sy  7  Sy  8  
2
1.2  0.0  Sz  7  Sz  8  
2
0.8  0.0  Sx  8  Sx  9  
2
0.8  0.0  Sy  8  Sy  9  
2
0.8  0.0  Sz  8  Sz  9  
2
1.2  0.0  Sx  9  Sx  10  
2
1.2  0.0  Sy  9  Sy  10  
2
1.2  0.0  Sz  9  Sz  10  
2
0.8  0.0  Sx  10  Sx  11  
2
0.8  0.0  Sy  10  Sy  11  
2
0.8  0.0  Sz  10  Sz  11  
2
1.2  0.0  Sx  11  Sx  12  
2
1.2  0.0  Sy  11  Sy  12  
2
1.2  0.0  Sz  11  Sz  12  
2
0.8  0.0  Sx  12  Sx  13  
2
0.8  0.0  Sy  12  Sy  13  
2
0.8  0.0  Sz  12  Sz  13  
2
1.2  0.0  Sx  13  Sx  14  
2
1.2  0.0  Sy  13  Sy  14  
2
1.2  0.0  Sz  13  Sz  14  
2
0.8  0.0  Sx  14  Sx  15  
2
0.8  0.0  Sy  14  Sy  15  
2
0.8  0.0  Sz  14  Sz  15  
2
1.2  0.0  Sx  15  Sx  16  
2
1.2  0.0  Sy  15  Sy  16  
2
1.2  0.0  Sz  15  Sz  16  
2
0.8  0.0  Sx  16  Sx  17  
2
0.8  0.0  Sy  16  Sy  17  
2
0.8  0.0  Sz  16  Sz  17  
2
1.2  0.0  Sx  17  Sx  18  
2
1.2  0.0  Sy  17  Sy  18  
2
1.2  0.0  Sz  17  Sz  18  
2
0.8  0.0  Sx  18  Sx  19  
2
0.8  0.0  Sy  18  Sy  19  
2
0.8  0.0  Sz  18  Sz  19  
2
1.2  0.0  Sx  19  Sx  20  
2
1.2  0.0  Sy  19  Sy  20  
2
1.2  0.0  Sz  19  Sz  20  
2
0.8  0.0  Sx  20  Sx  21  
2
0.8  0.0  Sy  20  Sy  21  
2
0.8  0.0  Sz  20  Sz  21  
2
1.2  0.0  Sx  21  Sx  22  
2
1.2  0.0  Sy  21  Sy  22  
2
1.2  0.0  Sz  21  Sz  22  
2
0.8  0.0  Sx  22  Sx  23  
2
0.8  0.0  Sy  22  Sy  23  
2
0.8  0.0  Sz  22  Sz  23  
2
1.2  0.0  Sx  23  Sx  24  
2
1.2  0.0  Sy  23  Sy  24  
2
1.2  0.0  Sz  23  Sz  24  
2
0.8  0.0  Sx  24  Sx  25  
2
0.8  0.0  Sy  24  Sy  25  
2
0.8  0.0  Sz  24  Sz  25  
2
1.2  0.0  Sx  25  Sx  26  
2
1.2  0.0  Sy  25  Sy  26  
2
1.2  0.0  Sz  25  Sz  26  
2
0.8  0.0  Sx  26  Sx  27  
2
0.8  0.0  Sy  26  Sy  27  
2
0.8  0.0  Sz  26  Sz  27  
2
1.2  0.0  Sx  27  Sx  28  
2
1.2  0.0  Sy  27  Sy  28  
2
1.2  0.0  Sz  27  Sz  28  
2
0.8  0.0  Sx  28  Sx  29  
2
0.8  0.0  Sy  28  Sy  29  
2
0.8  0.0  Sz  28  Sz  29  
2
1.2  0.0  Sx  29  Sx  30  
2
1.2  0.0  Sy  29  Sy  30  
2
1.2  0.0  Sz  29  Sz  30  
2
0.8  0.0  Sx  30  Sx  31  
2
0.8  0.0  Sy  30  Sy  31  
2
0.8  0.0  Sz  30  Sz  31  
2
1.2  0.0  Sx  31  Sx  32  
2
1.2  0.0  Sy  31  Sy  32  
2
1.2  0.0  Sz  31  Sz  32  
2
0.8  0.0  Sx  32  Sx  33  
2
0.8  0.0  Sy  32  Sy  33  
2
0.8  0.0  Sz  32  Sz  33  
2
1.2  0.0  Sx  33  Sx  34  
2
1.2  0.0  Sy  33  Sy  34  
2
1.2  0.0  Sz  33  Sz  34  
2
0.8  0.0  Sx  34  Sx  35  
2
0.8  0.0  Sy  34  Sy  35  
2
0.8  0.0  Sz  34  Sz  35  
2
1.2  0.0  Sx  35  Sx  36  
2
1.2  0.0  Sy  35  Sy  36  
2
1.2  0.0  Sz  35  Sz  36  
2
0.8  0.0  Sx  36  Sx  37  
2
0.8  0.0  Sy  36  Sy  37  
2
0.8  0.0  Sz  36  Sz  37  
2
1.2  0.0  Sx  37  Sx  38  
2
1.2  0.0  Sy  37  Sy  38  
2
1.2  0.0  Sz  37  Sz  38  
2
0.8  0.0  Sx  38  Sx  39  
2
0.8  0.0  Sy  38  Sy  39  
2
0.8  0.0  Sz  38  Sz  39  
2
1.2  0.0  Sx  39  Sx  40  
2
1.2  0.0  Sy  39  Sy  40  
2
1.2  0.0  Sz  39  Sz  40  
1
1.0  0.0  Sz  1  
2
-1.2  0.0  Sx  2  Sx  1  
2
-1.2  0.0  Sy  2  Sy  1  
2
-1.2  0.0  Sz  2  Sz  1  
2
-0.8  0.0  Sx  3  Sx  2  
2
-0.8  0.0  Sy  3  Sy  2  
2
-0.8  0.0  Sz  3  Sz  2  
2
-1.2  0.0  Sx  4  Sx  3  
2
-1.2  0.0  Sy  4  Sy  3  
2
-1.2  0.0  Sz  4  Sz  3  
2
-0.8  0.0  Sx  5  Sx  4  
2
-0.8  0.0  Sy  5  Sy  4  
2
-0.8  0.0  Sz  5  Sz  4  
2
-1.2  0.0  Sx  6  Sx  5  
2
-1.2  0.0  Sy  6  Sy  5  
2
-1.2  0.0  Sz  6  Sz  5  
2
-0.8  0.0  Sx  7  Sx  6  
2
-0.8  0.0  Sy  7  Sy  6  
2
-0.8  0.0  Sz  7  Sz  6  
2
-1.2  0.0  Sx  8  Sx  7  
2
-1.2  0.0  Sy  8  Sy  7  
2
-1.2  0.0  Sz  8  Sz  7  
2
-0.8  0.0  Sx  9  Sx  8  
2
-0.8  0.0  Sy  9  Sy  8  
2
-0.8  0.0  Sz  9  Sz  8  
2
-1.2  0.0  Sx  10  Sx  9  
2
-1.2  0.0  Sy  10  Sy  9  
2
-1.2  0.0  Sz  10  Sz  9  
2
-0.8  0.0  Sx  11  Sx  10  
2
-0.8  0.0  Sy  11  Sy  10  
2
-0.8  0.0  Sz  11  Sz  10  
2
-1.2  0.0  Sx  12  Sx  11  
2
-1.2  0.0  Sy  12  Sy  11  
2
-1.2  0.0  Sz  12  Sz  11  
2
-0.8  0.0  Sx  13  Sx  12  
2
-0.8  0.0  Sy  13  Sy  12  
2
-0.8  0.0  Sz  13  Sz  12  
2
-1.2  0.0  Sx  14  Sx  13  
2
-1.2  0.0  Sy  14  Sy  13  
2
-1.2  0.0  Sz  14  Sz  13  
2
-0.8  0.0  Sx  15  Sx  14  
2
-0.8  0.0  Sy  15  Sy  14  
2
-0.8  0.0  Sz  15  Sz  14  
2
-1.2  0.0  Sx  16  Sx  15  
2
-1.2  0.0  Sy  16  Sy  15  
2
-1.2  0.0  Sz  16  Sz  15  
2
-0.8  0.0  Sx  17  Sx  16  
2
-0.8  0.0  Sy  17  Sy  16  
2
-0.8  0.0  Sz  17  Sz  16  
2
-1.2  0.0  Sx  18  Sx  17  
2
-1.2  0.0  Sy  18  Sy  17  
2
-1.2  0.0  Sz  18  Sz  17  
2
-0.8  0.0  Sx  19  Sx  18  
2
-0.8  0.0  Sy  19  Sy  18  
2
-0.8  0.0  Sz  19  Sz  18  
2
-1.2  0.0  Sx  20  Sx  19  
2
-1.2  0.0  Sy  20  Sy  19  
2
-1.2  0.0  Sz  20  Sz  19  
2
-0.8  0.0  Sx  21  Sx  20  
2
-0.8  0.0  Sy  21  Sy  20  
2
-0.8  0.0  Sz  21  Sz  20  
2
-1.2  0.0  Sx  22  Sx  21  
2
-1.2  0.0  Sy  22  Sy  21  
2
-1.2  0.0  Sz  22  Sz  21  
2
-0.8  0.0  Sx  23  Sx  22  
2
-0.8  0.0  Sy  23  Sy  22  
2
-0.8  0.0  Sz  23  Sz  22  
2
-1.2  0.0  Sx  24  Sx  23  
2
-1.2  0.0  Sy  24  Sy  23  
2
-1.2  0.0  Sz  24  Sz  23  
2
-0.8  0.0  Sx  25  Sx  24  
2
-0.8  0.0  Sy  25  Sy  24  
2
-0.8  0.0  Sz  25  Sz  24  
2
-1.2  0.0  Sx  26  Sx  25  
2
-1.2  0.0  Sy  26  Sy  25  
2
-1.2  0.0  Sz  26  Sz  25  
2
-0.8  0.0  Sx  27  Sx  26  
2
-0.8  0.0  Sy  27  Sy  26  
2
-0.8  0.0  Sz  27  Sz  26  
2
-1.2  0.0  Sx  28  Sx  27  
2
-1.2  0.0  Sy  28  Sy  27  
2
-1.2  0.0  Sz  28  Sz  27  
2
-0.8  0.0  Sx  29  Sx  28  
2
-0.8  0.0  Sy  29  Sy  28  
2
-0.8  0.0  Sz  29  Sz  28  
2
-1.2  0.0  Sx  30  Sx  29  
2
-1.2  0.0  Sy  30  Sy  29  
2
-1.2  0.0  Sz  30  Sz  29  
2
-0.8  0.0  Sx  31  Sx  30  
2
-0.8  0.0  Sy  31  Sy  30  
2
-0.8  0.0  Sz  31  Sz  30  
2
-1.2  0.0  Sx  32  Sx  31  
2
-1.2  0.0  Sy  32  Sy  31  
2
-1.2  0.0  Sz  32  Sz  31  
2
-0.8  0.0  Sx  33  Sx  32  
2
-0.8  0.0  Sy  33  Sy  32  
2
-0.8  0.0  Sz  33  Sz  32  
2
-1.2  0.0  Sx  34  Sx  33  
2
-1.2  0.0  Sy  34  Sy  33  
2
-1.2  0.0  Sz  34  Sz  33  
2
-0.8  0.0  Sx  35  Sx  34  
2
-0.8  0.0  Sy  35  Sy  34  
2
-0.8  0.0  Sz  35  Sz  34  
2
-1.2  0.0  Sx  36  Sx  35  
2
-1.2  0.0  Sy  36  Sy  35  
2
-1.2  0.0  Sz  36  Sz  35  
2
-0.8  0.0  Sx  37  Sx  36  
2
-0.8  0.0  Sy  37  Sy  36  
2
-0.8  0.0  Sz  37  Sz  36  
2
-1.2  0.0  Sx  38  Sx  37  
2
-1.2  0.0  Sy  38  Sy  37  
2
-1.2  0.0  Sz  38  Sz  37  
2
-0.8  0.0  Sx  39  Sx  38  
2
-0.8  0.0  Sy  39  Sy  38  
2
-0.8  0.0  Sz  39  Sz  38  
2
-1.2  0.0  Sx  40  Sx  39  
2
-1.2  0.0  Sy  40  Sy  39  
2
-1.2  0.0  Sz  40  Sz  39  
1
-1.0  0.0  Sz  1  
